33	29	83
12	99	39
31	62	78
45	79	49
65	28	76
61	40	10
79	42	87
16	41	12
29	86	89
94	59	53
61	82	41
77	23	80
11	39	50
30	94	11
62	77	75
13	2	77
25	99	87
59	18	97
18	39	94
23	24	5
95	64	20
37	25	2
41	67	9
7	98	21
22	41	35
96	80	61
7	4	88
4	51	94
76	31	36
6	92	53
73	40	29
36	85	1
97	71	9
100	42	80
75	4	36
2	100	47
29	12	88
7	64	18
42	68	72
98	30	35
69	86	15
74	60	10
14	29	53
64	28	54
82	90	94
54	13	53
79	18	44
51	52	84
13	80	42
5	88	88
12	26	86
43	41	40
79	31	25
28	2	74
89	50	98
33	10	23
64	55	45
96	18	20
48	1	30
8	93	11
6	14	64
47	85	56
28	67	29
95	56	37
40	59	17
90	14	37
83	39	39
77	19	14
6	59	55
93	77	62
9	20	88
83	65	100
82	53	42
48	34	87
39	40	23
21	10	41
9	66	69
94	99	90
73	96	75
47	36	19
98	33	92
30	28	56
76	65	73
57	82	100
87	38	59
55	59	25
38	50	58
65	40	74
70	92	33
76	19	65
1	92	59
96	59	26
83	88	4
91	100	53
86	2	40
19	21	18
7	64	74
70	40	69
2	4	97
8	40	90
56	63	90
19	86	47
44	60	2
14	63	77
7	20	36
19	56	3
82	76	22
10	16	75
45	7	80
84	67	10
70	19	45
93	60	75
21	6	80
59	81	18
96	70	36
32	52	45
64	30	10
43	51	50
83	22	10
94	35	59
73	56	32
47	26	49
24	55	41
9	65	5
79	96	46
92	49	10
38	96	34
54	25	2
87	50	82
54	10	31
5	27	59
8	22	68
41	16	83
37	46	48
74	12	50
90	82	14
38	27	31
22	36	24
45	88	98
93	30	18
30	62	9
16	85	44
80	11	94
42	11	64
29	67	19
35	30	61
58	3	93
46	11	46
69	15	32
79	57	55
31	67	80
86	61	26
57	3	57
11	89	71
13	46	68
31	17	57
66	45	59
10	16	84
71	81	36
26	28	14
49	47	7
53	42	18
36	30	42
92	99	69
87	28	41
36	6	89
51	22	100
42	32	56
72	24	40
49	22	61
55	56	14
96	4	57
89	76	60
72	79	29
26	10	89
95	27	32
95	83	45
95	91	96
26	54	4
56	75	32
54	5	61
52	100	78
13	36	84
57	30	84
79	56	67
95	85	67
22	53	45
47	90	4
56	78	69
16	95	15
14	79	35
25	35	34
43	18	64
53	86	71
38	46	33
32	42	13
89	58	95
54	44	65
72	80	94
49	54	91
23	34	9
33	28	56
89	16	79
48	21	96
75	74	80
86	5	88
92	56	56
16	59	87
40	5	45
18	2	5
1	43	66
10	47	3
99	24	61
33	12	61
58	68	80
86	62	94
24	62	5
90	40	93
24	17	28
54	23	84
24	6	5
24	69	87
68	19	86
17	12	29
23	64	95
82	67	75
39	99	54
66	55	96
81	84	3
14	48	59
44	43	16
3	42	73
93	4	37
76	73	32
43	66	5
40	79	57
90	56	79
91	95	40
54	43	84
42	19	57
23	58	50
96	25	31
31	100	93
94	23	76
64	76	85
50	57	57
32	32	33
42	32	44
19	90	64
67	29	73
63	17	29
42	1	58
73	54	25
69	86	9
77	76	60
83	18	66
6	58	19
21	80	1
32	32	46
20	96	96
60	66	16
26	23	64
61	11	75
53	76	73
36	30	11
73	36	74
9	44	86
43	20	27
75	16	96
41	97	89
82	57	76
30	10	83
17	53	54
87	29	92
65	55	76
24	75	86
69	20	40
71	34	3
8	91	35
31	29	38
82	35	64
38	98	29
80	22	27
12	22	94
93	63	74
51	25	75
12	59	18
50	82	28
96	50	96
22	10	64
100	70	36
58	24	30
45	33	93
23	3	64
3	9	74
49	52	40
26	63	77
72	27	75
79	98	93
80	82	91
55	95	40
59	14	84
15	29	29
83	37	7
11	58	15
24	92	96
10	6	41
75	50	15
87	11	46
3	21	69
71	69	69
19	74	51
70	95	7
85	20	18
48	45	52
8	100	3
97	29	58
46	89	12
49	3	45
94	81	98
52	30	87
67	28	91
83	68	78
3	29	60
20	5	46
38	8	21
66	47	48
27	55	83
58	52	8
64	93	44
31	53	1
60	70	44
89	77	51
99	91	2
9	15	46
34	50	15
83	39	8
95	10	71
49	74	25
98	88	85
57	80	97
34	26	18
69	96	8
21	32	28
51	36	6
36	94	42
14	22	21
24	8	59
83	38	4
58	53	26
46	22	32
99	73	73
24	9	21
89	22	18
15	53	14
11	27	52
70	67	91
20	58	88
11	97	56
62	99	58
90	34	37
25	13	25
16	31	24
42	68	31
11	25	59
7	20	24
53	49	43
60	61	25
9	27	20
64	91	42
72	41	33
91	52	39
90	45	74
68	82	90
96	97	48
33	23	10
58	34	95
96	41	85
14	53	7
12	89	23
72	33	1
23	39	3
27	73	34
21	49	2
20	87	66
57	20	1
34	39	74
64	18	13
83	26	31
77	55	21
69	22	18
64	39	72
19	46	35
11	52	17
44	46	76
60	47	20
55	52	23
74	60	9
43	83	74
56	14	78
36	21	37
26	10	3
95	51	93
14	6	11
27	16	40
19	35	62
80	61	86
31	11	14
41	14	50
29	32	65
30	58	88
81	93	37
66	21	33
67	53	68
31	35	28
44	37	30
13	26	12
22	52	87
57	36	93
30	8	25
11	98	74
39	96	95
12	24	79
17	89	75
83	91	6
73	90	4
36	12	14
76	92	8
57	49	72
100	39	43
44	98	14
48	40	20
12	86	32
67	2	53
13	5	32
92	24	10
61	80	98
11	92	12
26	89	60
85	99	95
13	40	32
67	7	89
50	100	100
95	95	44
10	76	21
58	75	11
63	10	68
14	54	60
3	21	56
12	38	34
6	79	1
41	35	70
91	86	66
90	75	22
49	28	47
41	47	58
15	41	54
80	30	4
37	37	25
93	48	67
73	24	81
60	56	1
14	71	53
10	21	15
17	85	63
92	100	30
87	3	96
18	35	92
90	14	82
4	76	19
34	64	40
8	76	21
20	33	54
81	49	95
8	41	34
14	47	22
2	8	85
95	58	58
15	99	88
50	40	20
23	3	61
10	8	82
89	93	81
34	87	68
59	18	49
86	9	3
55	60	91
5	82	29
69	34	98
25	22	4
13	83	44
93	18	73
36	35	38
80	46	42
86	48	3
11	28	3
31	74	10
62	95	40
82	50	25
62	15	62
98	73	78
87	43	20
89	93	69
83	99	29
65	95	54
63	17	47
14	48	35
1	61	63
85	40	25
93	25	72
34	31	24
15	3	31
20	13	4
68	50	73
30	79	10
88	48	81
64	88	10
10	34	99
86	24	52
36	89	93
11	78	89
51	86	32
9	81	88
87	69	78
65	20	61
38	91	66
82	41	71
12	34	51
10	94	29
45	9	78
47	88	49
86	20	22
9	7	74
95	37	74
29	31	92
7	90	73
98	11	2
45	26	11
18	40	73
33	45	50
93	15	12
65	78	16
90	51	28
22	25	53
66	24	58
39	23	71
58	9	60
65	73	71
79	5	15
50	30	78
37	50	37
97	34	16
50	17	83
95	31	50
93	75	21
37	88	38
12	19	58
14	99	74
96	2	24
67	20	31
78	29	94
9	44	89
70	25	44
50	41	36
17	38	25
2	4	16
84	89	12
92	76	69
29	14	75
85	59	48
7	80	79
97	15	18
17	93	29
82	81	41
93	17	23
31	100	14
93	92	52
91	96	2
23	27	77
72	11	85
51	87	58
73	82	57
74	91	26
30	43	67
47	72	51
93	61	88
35	74	27
4	47	57
99	36	42
93	9	39
7	21	45
75	18	25
56	17	5
20	5	83
24	73	48
98	97	27
44	85	7
77	61	26
89	81	57
52	70	41
52	11	31
31	84	56
74	15	56
48	83	92
15	55	22
77	2	1
60	30	48
81	82	59
90	67	66
98	30	92
13	94	38
56	19	65
5	59	79
100	81	39
14	81	87
8	51	96
52	86	89
96	89	24
68	63	47
74	12	71
28	5	44
35	23	86
51	32	11
39	15	32
31	29	4
36	90	100
86	19	92
70	72	71
43	27	26
58	62	12
47	71	27
3	88	47
34	57	26
31	43	100
51	75	37
92	13	74
10	75	4
72	66	13
64	45	70
28	32	100
58	9	90
23	54	12
21	24	72
3	37	100
40	21	56
4	97	94
98	78	67
32	59	45
59	61	26
16	10	28
77	60	70
37	95	73
13	14	34
79	55	59
16	61	35
45	84	97
86	37	49
67	24	53
80	59	34
62	23	8
49	9	61
89	17	72
99	10	17
16	40	38
43	81	91
66	50	2
81	8	9
91	11	36
71	24	92
59	80	3
14	94	42
42	26	91
99	47	83
30	52	58
63	49	24
99	54	29
73	20	37
57	16	5
46	85	63
75	92	21
53	100	14
11	71	37
3	44	75
99	56	12
86	35	18
85	78	98
83	24	45
50	65	64
56	72	76
38	19	18
50	44	75
6	20	64
60	27	38
64	93	61
99	37	30
28	55	60
81	45	69
76	54	78
39	50	50
18	50	90
82	85	28
62	90	95
41	31	14
24	69	60
5	56	7
37	54	16
5	84	64
85	42	6
31	72	75
46	45	95
83	30	53
15	96	35
42	54	39
37	18	97
19	25	79
84	4	69
60	94	31
55	85	2
69	22	33
68	82	34
14	52	68
99	91	46
38	7	1
6	57	17
87	76	44
69	77	95
66	48	72
96	4	93
37	29	14
89	7	52
55	85	42
77	92	13
39	77	63
79	61	3
93	54	51
42	4	65
95	32	88
97	52	49
97	67	80
72	77	97
10	89	99
13	37	29
57	41	10
30	81	72
25	33	92
39	53	3
90	14	58
5	10	88
22	58	2
22	19	24
50	20	29
5	97	36
4	62	73
77	31	82
44	49	44
90	46	24
80	60	66
26	53	91
44	32	81
25	53	13
77	92	15
54	5	9
47	88	41
76	12	32
73	96	23
10	91	11
73	59	38
20	32	41
47	26	66
64	20	93
57	18	9
39	96	42
53	51	34
98	25	14
61	88	37
43	76	24
95	57	89
19	64	4
71	81	47
35	78	95
3	60	21
41	13	64
59	9	44
74	57	33
99	96	29
83	76	94
12	3	19
2	36	41
100	81	69
8	90	37
97	13	85
91	64	67
21	68	82
96	10	17
21	24	64
49	95	74
28	3	49
65	92	56
97	60	48
41	94	62
3	90	25
86	71	21
87	58	39
72	21	13
15	38	73
80	50	43
48	17	45
9	45	3
2	24	95
70	6	46
86	54	26
41	21	17
59	67	46
48	39	77
36	22	91
52	73	98
79	37	94
6	67	38
90	77	96
74	17	5
39	66	6
2	48	5
35	70	17
32	2	95
85	99	61
51	15	8
76	4	1
14	49	22
99	36	99
77	66	39
58	10	33
64	89	80
47	68	27
12	71	26
8	86	98
49	87	95
100	33	33
66	16	26
30	20	20
66	58	74
74	34	79
28	59	59
23	51	34
35	64	79
45	48	11
49	97	45
58	27	100
91	38	56
72	98	80
11	16	61
98	69	88
74	53	84
84	51	70
23	40	30
59	100	10
62	37	54
1	23	8
4	37	53
55	83	63
18	31	59
18	11	35
57	93	31
67	78	66
79	79	4
39	53	79
38	99	62
56	56	45
38	47	6
18	8	20
81	10	52
65	92	91
18	56	100
8	22	35
31	53	19
19	47	68
72	70	4
75	62	2
85	14	3
13	27	97
25	76	36
70	46	45
96	24	39
3	75	2
35	9	62
12	74	58
28	38	59
24	67	43
38	23	50
82	81	67
9	62	83
96	39	17
93	99	25
78	37	71
78	76	84
69	92	83
5	36	40
85	31	32
11	43	13
57	97	54
96	80	7
92	37	63
59	61	53
77	23	57
25	93	47
75	28	33
5	22	57
89	71	53
59	87	39
97	67	10
59	99	58
46	69	43
22	74	10
89	12	28
33	60	9
13	16	70
2	44	19
60	92	81
5	35	100
91	97	62
10	38	25
32	99	72
77	69	37
25	74	99
63	55	42
62	51	21
10	39	68
3	93	89
84	12	99
22	75	61
14	4	7
70	26	95
3	42	97
47	82	3
9	19	57
14	79	94
56	57	89
22	26	51
9	41	55
27	31	66
84	50	91
26	25	75
89	73	36
5	64	13
46	94	41
91	62	13
1	94	74
69	24	13
43	42	70
77	17	42
13	54	77
31	5	25
45	25	85
44	12	5
51	67	10
1	80	86
33	34	54
87	30	3
85	29	71
74	80	12
76	43	90
36	50	78
15	13	54
98	95	12
53	41	95
80	81	19
43	97	33
83	85	47
92	32	17
1	87	87
57	53	48
34	9	99
42	71	10
76	2	54
77	69	58
5	53	27
62	3	11
60	69	75
94	94	2
38	93	82
2	29	70
34	23	21
8	98	52
29	60	57
29	78	26
87	34	39
21	48	54
23	29	80
2	17	20
2	32	48
49	65	44
11	81	95
34	31	69
42	51	60
60	95	61
5	8	15
35	54	96
74	13	77
3	31	65
41	96	32
72	76	39
92	5	13
22	18	83
87	89	97
67	36	1
53	26	76
34	70	70
26	65	34
88	77	53
12	70	34
100	58	51
12	25	24
92	11	100
23	79	66
83	74	88
11	9	64
24	33	49
83	83	81
80	98	92
22	88	94
61	37	53
88	28	66
54	21	69
56	2	94
79	71	77
37	67	81
16	14	70
79	80	43
92	49	36
4	18	81
75	72	27
17	69	32
85	76	30
45	21	75
36	22	33
72	81	56
64	48	16
14	86	45
56	25	38
8	51	51
69	42	51
42	16	95
6	16	36
1	68	90
51	76	10
30	66	87
88	64	89
43	15	61
35	83	30
43	9	57
35	2	19
36	20	48
41	64	87
11	63	38
96	29	46
81	86	58
28	97	80
19	69	55
49	54	96
21	10	90
73	93	3
3	53	70
40	66	65
92	74	76
61	37	86
28	93	13
60	84	40
39	81	62
12	62	49
98	5	46
43	50	24
41	16	57
96	48	29
34	2	63
30	2	27
45	32	39
13	47	64
87	12	87
60	1	42
57	93	43
88	87	17
89	54	29
19	26	42
91	60	78
6	59	29
25	72	75
17	86	53
72	92	92
66	26	1
87	92	87
41	52	30
62	3	57
45	73	37
83	100	2
39	15	99
11	83	19
8	84	79
52	76	20
5	58	57
9	92	19
44	42	18
92	35	71
7	48	74
79	26	69
3	37	70
97	16	93
59	78	25
87	22	100
52	47	39
98	35	79
1	79	22
43	32	36
49	9	82
50	38	66
93	36	89
19	70	38
47	56	41
81	63	97
98	16	17
86	92	58
81	77	14
53	41	17
73	33	23
9	23	19
47	76	1
51	99	78
92	36	82
84	6	27
79	100	68
32	83	2
43	44	59
37	7	36
71	63	21
38	83	23
35	90	57
40	84	91
17	78	29
79	9	92
72	34	62
33	72	30
27	88	6
100	25	60
67	69	14
36	28	95
96	29	78
9	21	18
19	13	93
40	58	11
33	71	14
59	49	14
94	5	6
32	97	67
95	43	88
76	14	89
54	80	6
47	15	79
70	42	84
67	75	92
55	32	36
23	98	77
87	66	35
94	10	21
40	35	81
91	22	20
50	35	24
21	1	51
13	54	78
41	28	72
100	47	41
9	73	36
87	11	16
88	29	12
17	40	86
59	57	55
6	99	85
2	19	9
51	78	56
2	35	65
64	13	36
77	33	82
3	30	23
83	99	22
43	14	42
47	79	41
6	8	50
74	46	44
50	94	30
24	94	47
7	43	26
20	46	3
11	78	11
34	51	4
22	84	67
69	71	93
21	85	12
17	89	54
57	13	73
61	73	77
30	15	5
41	35	28
75	89	3
17	11	67
28	9	82
34	38	93
37	71	58
30	10	90
35	40	92
67	62	98
28	3	46
81	4	60
47	90	6
97	94	19
34	13	20
68	39	85
54	19	27
33	67	24
81	65	15
29	43	45
76	2	73
75	64	37
85	36	43
46	56	61
28	51	96
14	68	93
30	34	15
15	46	30
35	33	82
97	45	51
36	100	27
28	45	1
71	61	54
94	5	83
10	56	2
92	24	14
86	29	72
60	48	7
38	95	46
34	14	48
1	69	56
93	83	99
48	21	62
88	78	68
85	73	42
72	79	80
96	55	50
67	91	85
12	30	66
47	75	2
87	34	99
16	64	34
58	1	39
92	32	11
38	89	18
19	64	4
60	48	12
12	11	44
44	5	34
47	100	81
15	95	99
90	82	20
71	31	13
87	76	86
23	59	43
27	71	82
32	49	45
48	97	24
53	76	86
10	11	70
48	40	82
65	94	37
16	5	3
34	69	65
85	85	23
94	33	33
22	3	96
5	47	84
28	94	100
42	77	55
77	66	76
37	24	77
31	25	100
80	80	6
52	16	76
60	81	42
47	44	74
26	90	21
17	23	2
56	85	20
21	47	23
75	39	80
56	69	81
60	41	65
68	24	7
31	50	97
64	52	65
42	65	50
49	87	82
94	67	17
81	76	33
54	19	20
94	7	23
26	32	26
15	26	86
10	22	32
1	82	100
30	29	74
64	69	15
62	27	50
1	11	65
18	68	33
71	24	20
49	85	83
65	27	45
79	39	54
31	74	32
79	14	41
53	75	51
51	49	43
3	15	55
15	74	7
3	86	46
76	14	6
21	69	47
88	92	48
14	31	46
47	88	63
9	21	70
11	81	90
21	8	77
39	88	75
44	22	24
93	18	48
57	27	88
94	34	62
95	25	36
74	81	65
95	48	97
15	100	27
30	88	3
76	53	64
28	43	52
59	80	80
97	6	41
3	9	67
78	25	98
77	64	58
77	82	63
70	60	44
86	3	51
23	29	87
76	23	20
73	47	21
67	62	10
16	80	25
22	51	9
32	83	36
6	86	51
75	4	42
22	84	100
6	87	83
29	47	20
91	86	83
36	39	11
98	42	43
14	54	93
72	49	55
78	95	66
9	42	4
28	8	28
19	17	35
92	10	19
87	90	88
66	15	37
62	50	15
32	93	9
52	22	43
27	74	65
95	57	77
80	74	53
45	95	72
29	37	15
36	57	44
93	10	19
75	36	19
10	96	98
39	71	55
73	4	40
27	86	84
58	80	22
27	69	83
55	18	65
47	20	54
70	97	63
60	77	32
44	92	94
79	88	26
86	1	99
26	2	66
91	44	95
2	98	31
100	85	37
91	27	6
54	48	76
32	47	25
42	96	97
80	98	2
6	8	70
61	71	12
2	73	78
51	79	46
62	2	34
32	10	8
22	9	81
87	56	35
56	50	3
10	28	32
79	70	42
69	61	17
83	53	63
95	53	24
8	28	99
22	87	73
72	51	57
71	25	99
88	16	76
38	20	60
17	49	94
27	34	86
13	12	39
99	74	27
74	3	86
58	17	34
70	88	80
90	27	59
99	29	29
72	52	34
70	41	55
92	95	54
38	81	58
50	34	30
55	88	39
9	31	80
96	22	8
21	2	22
18	50	88
88	35	98
75	94	84
14	35	75
69	92	70
39	8	14
92	62	29
87	42	5
82	13	94
11	76	29
97	43	29
24	64	36
72	63	45
50	89	86
53	96	67
84	77	86
3	69	87
56	68	28
95	64	26
40	51	84
91	81	26
92	65	74
49	51	38
11	38	78
77	6	92
6	26	18
100	69	94
39	43	22
81	20	21
90	45	43
95	97	39
20	13	85
1	13	17
67	43	20
56	29	86
48	93	46
67	96	18
32	31	49
94	91	39
87	46	34
92	86	97
49	16	75
80	58	36
50	18	92
43	35	58
54	4	96
100	22	57
22	70	63
6	87	26
25	27	88
20	24	76
51	80	78
31	55	84
30	85	47
93	3	45
55	77	23
99	47	85
9	65	9
36	86	49
10	88	25
48	40	40
91	28	8
42	45	4
6	66	94
54	54	22
39	93	64
59	77	69
68	7	27
35	10	70
18	87	88
36	74	1
15	99	88
50	16	64
49	55	60
33	77	64
68	22	73
23	30	69
31	77	94
42	42	39
12	18	1
95	6	9
45	18	21
11	95	41
6	78	26
24	59	91
3	93	43
86	9	47
77	90	15
11	31	94
23	13	85
15	34	62
30	54	88
88	68	4
74	9	35
69	93	47
29	46	84
89	78	21
21	36	5
65	21	91
25	39	21
54	48	28
1	65	8
30	5	6
60	22	17
39	50	22
23	71	88
52	23	21
53	63	1
76	24	26
21	87	64
96	85	64
55	76	77
13	73	14
39	25	18
33	75	37
2	38	90
37	56	8
78	73	83
54	79	72
39	85	68
98	94	7
93	1	2
95	56	65
94	53	43
69	29	100
24	64	15
98	7	27
68	94	7
53	92	63
66	19	51
37	43	30
68	31	5
44	73	82
93	70	26
91	19	81
24	1	3
13	48	74
77	96	81
69	14	4
25	11	62
72	79	39
52	34	1
73	42	15
9	79	99
4	15	50
12	94	26
6	66	41
55	87	59
26	89	65
40	56	68
34	1	66
77	81	51
45	62	7
15	53	6
85	26	65
19	24	24
57	62	27
59	36	96
56	95	15
63	76	89
82	94	30
12	39	6
82	2	1
24	98	21
76	75	30
45	92	76
31	39	32
61	24	60
43	9	20
16	92	32
96	46	77
40	34	97
13	14	96
70	54	34
73	82	1
90	33	14
3	42	12
57	85	37
94	61	12
49	96	41
92	23	63
15	86	54
76	45	67
67	1	28
45	34	46
22	26	41
19	65	13
66	4	82
2	11	66
59	65	63
39	4	80
18	10	64
94	86	44
32	27	53
27	47	70
37	93	84
10	100	62
99	32	25
4	96	83
22	19	60
38	3	23
30	12	8
12	28	2
67	14	83
54	58	54
99	54	27
13	59	75
96	87	6
50	23	30
12	46	56
10	62	100
46	47	39
16	69	7
40	1	55
63	78	40
43	68	42
34	6	2
65	32	68
15	99	99
28	81	90
39	1	83
3	65	50
86	79	60
94	42	98
8	39	97
58	10	61
5	25	17
15	32	7
59	4	7
30	62	20
6	33	14
54	23	27
63	37	30
28	84	30
57	36	59
66	77	30
58	62	76
40	23	92
49	71	18
15	72	88
83	67	39
2	31	77
79	24	51
43	24	38
85	88	48
88	15	77
92	22	70
93	24	63
55	74	54
78	94	79
63	7	46
46	71	50
60	84	68
16	19	90
59	53	70
22	73	65
54	13	54
42	26	61
37	13	27
97	8	89
88	25	7
62	96	19
81	3	10
10	1	1
57	58	43
32	67	18
54	25	7
61	29	33
33	87	62
87	39	72
19	68	81
67	90	85
92	71	82
67	44	59
22	18	28
39	2	11
35	75	36
87	43	59
66	22	1
30	85	30
61	2	43
46	41	26
68	49	18
75	22	94
61	12	58
32	9	30
31	20	81
58	76	49
52	38	38
12	99	74
46	42	78
17	29	3
40	57	56
38	33	4
34	43	61
41	26	93
25	9	28
58	22	75
59	39	16
22	42	77
40	26	54
45	32	19
95	33	46
17	34	49
92	57	21
67	35	80
76	77	43
37	17	19
59	26	54
52	24	10
24	40	52
97	52	82
58	83	51
88	9	99
14	90	79
91	81	26
4	68	93
24	28	16
22	77	25
17	99	12
81	31	68
93	7	60
43	88	99
100	84	39
61	48	65
53	53	20
60	11	27
27	80	97
97	75	70
1	77	52
24	85	32
3	38	58
99	50	25
46	14	14
6	15	95
74	54	52
94	68	57
45	86	63
16	46	13
31	71	72
34	48	63
49	54	15
21	59	52
36	94	86
55	56	72
24	21	3
4	87	92
63	35	15
46	45	43
81	12	60
13	30	60
75	65	67
29	89	54
100	95	10
85	49	53
45	30	27
12	60	28
50	35	58
20	84	23
62	45	29
69	49	79
73	47	28
89	47	58
67	74	32
38	28	96
99	63	71
59	20	87
76	48	32
63	19	50
89	84	49
29	41	22
70	49	97
39	38	25
53	37	40
87	81	13
14	58	36
72	63	78
31	47	50
28	4	96
66	7	35
95	8	6
14	32	5
56	51	63
73	25	3
69	63	58
63	2	13
33	88	27
55	75	1
73	71	69
30	70	82
51	46	63
46	21	23
94	96	24
22	78	30
2	51	22
24	79	35
10	52	15
89	21	32
37	46	1
99	31	29
93	68	77
98	32	59
58	52	86
66	73	10
71	53	62
1	38	68
58	32	61
5	88	99
37	31	36
23	72	78
88	49	44
2	6	30
91	30	57
24	97	16
48	41	50
63	84	14
100	16	25
81	22	57
7	1	42
34	2	60
32	92	45
9	33	87
16	63	18
67	88	32
65	14	45
86	82	20
49	53	34
1	85	97
72	71	79
24	54	36
31	51	97
75	74	95
89	69	7
18	2	39
21	51	86
10	89	89
34	52	75
40	7	70
77	46	48
15	36	2
86	89	27
57	92	13
24	41	50
40	37	73
29	34	50
10	21	77
74	74	67
98	21	99
14	85	35
93	97	99
38	37	40
51	60	47
48	100	91
100	3	70
13	72	7
31	76	37
74	5	73
79	76	14
99	36	15
85	43	69
91	13	63
99	42	52
8	73	62
8	15	37
78	47	63
59	98	66
69	54	42
76	15	61
9	64	45
3	52	53
51	88	33
60	56	34
48	63	100
74	22	51
50	66	47
65	13	74
62	16	89
88	64	17
8	53	47
54	87	9
94	57	100
30	54	55
30	3	29
56	3	51
36	49	33
43	80	10
81	66	41
77	81	16
20	81	21
97	91	73
20	79	74
73	92	71
26	7	97
12	45	42
24	47	8
100	67	40
67	69	62
75	66	93
9	28	41
90	40	30
18	30	22
29	2	15
88	32	65
4	66	60
55	8	35
45	14	78
2	49	89
6	79	81
86	79	74
86	38	32
54	58	44
31	99	39
64	12	6
71	1	91
43	89	32
68	57	2
84	1	50
42	26	24
2	94	45
9	33	33
58	5	47
8	56	91
64	94	55
33	45	35
7	34	42
6	79	49
59	1	73
1	20	5
28	21	94
75	66	50
16	5	51
96	75	79
48	21	31
93	25	68
25	43	2
3	82	12
94	95	30
22	94	28
94	12	70
50	43	42
9	15	58
21	60	42
56	5	22
18	60	81
14	57	86
31	54	34
8	92	6
75	6	17
88	66	29
100	85	19
83	44	32
51	22	18
20	64	24
61	14	31
19	80	8
28	62	62
3	18	46
69	16	1
72	57	1
22	74	21
22	85	79
61	45	44
77	93	73
50	96	40
76	87	53
36	48	85
7	4	79
99	36	91
70	23	26
17	26	34
66	92	95
98	96	66
53	76	93
39	20	76
3	37	33
67	83	78
62	50	59
61	60	27
35	59	56
90	2	89
56	82	24
98	83	1
89	96	22
79	8	59
51	68	83
91	38	3
13	13	65
49	95	30
57	97	31
15	22	66
98	17	74
97	21	83
13	34	95
98	16	95
66	4	62
5	28	62
84	26	78
35	25	82
36	50	98
53	12	23
78	44	80
73	75	74
13	52	51
58	74	45
22	4	100
35	15	47
79	67	78
44	34	98
98	13	38
12	38	42
75	89	87
5	83	36
16	34	7
53	81	45
89	12	67
50	95	73
12	17	99
62	3	42
4	92	56
29	10	70
75	12	80
95	46	87
57	82	98
26	3	3
39	90	7
36	66	61
18	63	10
22	24	3
88	86	56
41	54	97
7	13	95
55	100	14
39	92	5
93	49	55
53	67	53
14	50	60
31	52	69
53	9	97
1	50	73
14	9	16
63	90	91
13	7	63
53	39	67
60	27	49
7	40	59
61	46	93
93	85	84
88	30	55
7	88	44
53	27	29
87	64	46
58	64	70
9	87	16
89	10	51
100	73	61
2	70	48
67	3	37
87	10	42
70	73	35
100	66	19
90	74	25
89	33	21
80	76	62
14	23	33
22	53	29
13	42	63
90	11	80
38	27	59
43	1	57
25	55	91
82	87	6
38	32	77
11	31	56
80	24	12
90	75	72
15	13	15
17	58	84
73	14	72
75	20	58
54	4	26
25	69	52
77	72	8
3	24	12
62	7	60
70	13	99
87	53	10
68	59	66
98	63	66
66	65	20
18	32	81
84	49	49
10	10	87
86	13	18
40	2	72
90	91	69
17	6	62
13	6	17
25	71	64
83	74	42
32	41	49
51	100	3
5	67	60
53	1	15
60	41	41
7	52	89
38	50	64
66	23	77
10	98	69
79	67	24
43	77	56
76	88	97
58	61	6
15	67	86
62	76	22
21	3	93
96	10	11
89	95	29
39	70	75
29	55	25
10	44	17
52	38	11
2	79	95
84	29	54
39	20	24
26	63	51
19	52	14
95	45	9
71	78	4
96	69	63
10	61	49
35	66	95
87	10	85
56	14	40
27	7	66
90	70	21
33	67	2
21	83	6
71	99	86
51	87	28
41	49	42
73	52	63
4	5	59
79	98	93
85	76	29
61	58	67
5	49	57
84	36	30
22	44	69
18	82	89
69	84	90
25	14	36
66	12	69
43	51	70
66	86	5
87	17	66
80	62	85
59	9	31
87	38	72
66	29	69
40	61	32
93	41	13
28	57	76
64	15	68
60	93	48
77	56	28
100	95	90
82	27	33
54	66	34
61	9	62
9	80	85
82	5	32
91	61	66
79	75	15
56	19	86
86	83	88
55	50	9
69	76	65
58	53	86
26	82	100
87	3	69
44	54	92
69	46	80
66	19	63
35	23	43
52	57	30
49	52	63
79	26	32
99	49	67
19	44	65
76	15	2
62	14	8
12	35	77
51	26	10
10	17	67
76	73	87
72	21	78
91	86	62
97	4	89
41	48	15
6	86	41
61	2	40
80	11	6
91	43	48
2	82	91
72	51	16
31	36	44
72	46	30
30	8	88
54	65	49
65	21	92
38	37	13
16	29	11
52	50	5
68	66	62
14	93	24
7	49	57
51	88	97
71	74	74
4	59	67
26	97	90
26	44	90
11	24	89
54	75	100
3	56	75
21	39	44
2	2	32
2	11	15
8	19	29
72	29	75
28	53	88
44	34	65
73	36	75
26	16	92
86	76	79
72	98	17
11	91	47
27	34	34
80	45	75
77	6	99
29	63	24
72	67	74
33	44	98
39	37	40
50	16	49
44	22	82
54	22	40
58	6	95
97	69	93
18	10	76
91	5	83
53	74	64
28	27	77
73	23	53
76	46	86
6	51	92
18	41	88
55	28	31
16	76	22
63	65	92
18	63	60
60	37	3
25	36	97
40	58	55
45	14	76
24	9	74
12	81	41
41	42	70
33	56	46
73	41	89
60	54	37
34	65	23
13	37	59
67	67	67
75	1	6
13	62	85
43	55	74
23	61	43
51	67	38
16	5	28
51	61	59
13	34	96
77	42	93
38	58	89
5	36	56
61	73	65
56	69	48
92	82	66
78	87	93
3	21	54
89	59	18
49	32	35
100	74	11
42	80	19
53	97	62
39	15	98
39	29	16
24	41	11
85	33	97
36	90	76
33	17	86
61	39	35
62	14	9
93	46	59
12	7	74
49	39	58
7	82	79
18	97	99
76	58	32
50	24	75
11	20	18
28	62	75
72	30	28
7	98	60
19	24	85
50	58	10
92	39	65
61	48	41
54	7	12
9	25	75
79	44	52
100	4	45
87	31	89
48	73	34
29	76	89
84	99	46
32	58	60
99	48	92
42	48	36
52	98	51
50	23	57
50	14	37
37	23	43
15	77	53
64	87	41
8	53	77
55	75	30
68	74	96
15	35	19
7	97	52
45	13	86
8	42	22
47	4	64
5	38	13
84	35	10
68	60	3
11	61	22
13	21	39
15	58	38
67	48	11
31	61	36
27	78	63
57	21	42
57	6	37
41	13	57
6	12	37
56	46	81
5	50	16
30	38	96
68	25	67
7	15	52
27	31	60
36	64	87
63	66	86
70	39	93
50	93	1
81	68	57
24	21	17
47	94	25
2	79	46
74	53	67
78	21	94
15	40	39
22	46	48
22	6	78
98	94	67
18	80	61
70	85	93
5	57	47
17	29	34
90	18	97
33	30	46
61	80	11
51	86	16
19	33	74
50	94	30
24	92	58
35	68	42
13	8	53
43	92	35
55	14	99
98	77	99
29	57	5
65	34	34
79	52	75
43	39	1
79	83	54
71	68	75
40	80	32
30	20	9
20	2	26
99	61	90
24	33	38
68	90	36
78	53	3
5	4	10
58	93	73
60	23	29
43	18	19
51	29	20
34	18	72
78	29	10
35	86	50
17	81	20
71	98	64
3	31	16
63	50	8
17	82	76
45	56	52
70	40	2
36	89	53
4	46	100
49	92	99
26	83	57
93	11	83
86	48	96
85	71	25
61	4	25
16	78	77
23	93	47
30	99	76
84	74	3
95	52	34
88	24	75
50	42	24
42	54	47
88	84	42
96	42	69
47	47	75
13	95	32
83	42	43
5	8	23
5	7	58
27	52	84
88	75	93
50	78	82
69	20	46
22	9	2
97	52	5
25	20	16
79	69	81
34	48	12
97	71	6
2	71	55
78	27	23
100	30	60
89	18	28
94	83	5
5	52	56
10	83	41
85	40	79
88	82	99
82	38	70
20	7	58
46	70	84
31	59	18
67	40	47
92	91	30
30	10	73
75	98	17
82	91	53
81	44	97
54	84	3
40	29	60
58	55	75
57	52	38
89	98	67
63	26	39
28	95	62
79	72	83
79	56	76
57	71	20
77	95	64
62	18	88
11	51	85
64	83	51
87	59	18
40	43	43
38	57	96
39	14	76
20	75	91
34	23	13
47	86	23
25	82	67
31	44	78
47	24	66
52	15	65
51	84	44
46	67	87
98	54	38
100	30	49
88	55	30
10	46	78
1	30	100
29	41	56
30	72	53
19	13	97
72	38	55
59	36	71
76	97	90
91	76	71
9	17	68
67	21	28
16	33	100
12	61	87
14	72	76
15	67	53
48	61	5
69	68	63
73	32	11
47	66	38
82	64	60
31	72	62
36	66	9
34	79	59
75	57	11
75	45	3
33	69	4
33	63	21
54	75	19
52	97	27
25	25	28
90	97	21
15	35	44
20	30	76
40	33	38
80	68	75
6	22	73
27	19	28
40	78	66
25	91	14
46	11	59
84	72	96
12	28	66
39	60	83
8	51	17
70	76	87
36	25	41
78	61	97
26	90	90
62	61	51
21	11	50
39	18	40
17	29	37
79	57	31
13	96	57
1	5	38
41	28	2
97	81	53
98	23	81
95	61	45
44	81	95
6	36	92
83	66	96
39	92	89
19	30	12
24	38	40
20	11	5
75	90	47
13	26	37
25	92	22
64	35	10
83	44	60
35	54	74
58	70	35
79	24	6
41	73	7
58	48	21
11	59	16
40	29	74
94	44	25
57	7	53
99	33	79
49	83	29
81	49	9
97	60	52
6	99	86
51	16	71
6	27	75
70	28	50
71	57	79
38	53	13
100	18	78
72	73	99
58	31	59
57	41	16
44	38	90
73	57	40
90	18	32
33	97	78
34	15	96
19	65	62
83	70	84
79	47	48
68	60	98
23	10	98
7	80	79
33	40	60
51	100	1
75	34	91
87	58	84
11	8	71
39	43	17
93	69	19
39	48	10
72	80	90
28	13	13
86	21	73
47	44	48
68	70	15
78	93	43
41	35	87
63	43	4
88	3	90
16	36	70
17	30	55
60	27	41
49	35	3
47	68	7
62	35	48
57	54	30
53	41	66
9	89	47
84	81	29
78	87	93
55	33	29
7	26	8
18	53	27
57	43	18
25	63	73
85	31	66
76	100	78
31	49	87
43	75	64
75	83	9
54	36	78
26	19	70
80	18	78
22	23	38
34	37	84
89	53	80
62	51	77
27	45	69
75	11	94
55	39	1
53	13	59
89	26	85
87	8	24
69	18	16
39	31	28
9	27	78
36	16	84
18	7	74
59	74	85
95	36	58
9	42	86
80	80	11
47	28	8
39	42	49
27	93	14
40	1	87
67	26	88
84	6	92
73	60	88
86	25	62
88	53	61
29	79	27
78	20	54
14	48	8
84	37	52
22	76	44
1	6	65
10	93	82
4	35	71
3	33	81
33	51	54
47	8	17
62	48	26
6	96	96
1	85	69
5	74	43
93	50	18
86	48	7
36	36	13
10	51	12
83	18	92
13	58	22
50	24	69
55	98	28
20	78	63
4	95	74
38	52	80
16	1	37
34	87	71
95	48	64
100	11	81
29	59	29
89	87	25
27	28	82
58	66	26
91	100	75
18	21	84
10	28	50
4	92	98
93	41	46
12	66	53
49	78	75
14	95	2
11	51	94
1	98	79
79	100	54
85	28	23
75	90	22
12	47	26
63	29	7
95	94	17
83	35	21
48	11	72
1	79	88
33	78	15
1	2	97
74	81	66
86	82	71
34	65	65
52	50	67
23	2	4
99	63	85
29	99	87
67	49	46
57	83	79
67	37	98
80	20	22
57	64	88
58	86	54
57	24	65
58	91	38
2	13	88
22	92	75
43	31	66
42	60	52
50	3	45
53	8	62
62	71	98
37	90	49
95	8	51
89	14	76
48	49	65
11	84	2
5	84	20
41	38	42
15	33	11
89	26	89
70	43	52
8	80	18
31	14	45
98	52	24
92	26	39
80	30	67
77	33	39
56	70	16
6	89	11
51	70	64
85	74	62
10	3	4
68	61	81
39	13	85
35	41	48
87	91	80
61	67	70
33	20	11
4	73	56
37	92	37
59	80	70
32	76	18
54	84	44
23	92	73
82	9	90
40	33	79
63	2	48
82	22	72
97	98	11
99	43	65
20	22	80
49	9	45
37	4	16
93	21	27
13	62	57
16	14	65
65	11	94
79	74	23
53	75	37
66	61	14
87	19	35
42	71	100
92	24	31
49	1	85
41	81	22
86	94	77
54	33	9
6	57	33
97	13	59
97	2	38
33	100	44
40	42	93
85	23	90
1	31	50
76	95	8
60	14	91
50	12	92
53	87	31
67	53	100
19	81	51
19	28	31
13	84	11
99	59	63
41	64	40
60	19	38
2	88	9
69	9	40
97	2	64
77	98	27
80	68	39
43	11	90
28	62	43
92	23	15
83	96	94
13	97	17
16	7	58
17	15	38
84	43	47
43	16	77
57	55	8
93	27	28
29	30	36
8	100	52
36	29	81
94	54	94
83	7	20
89	88	1
31	39	63
50	83	40
90	4	80
94	85	11
62	17	76
14	33	94
55	75	74
3	79	56
59	39	11
79	44	10
82	20	97
21	59	46
54	27	76
19	70	63
7	96	31
3	80	76
81	31	92
44	58	61
52	16	11
26	44	7
73	100	94
27	56	21
7	35	65
48	55	2
21	51	80
95	75	75
52	20	92
88	84	88
1	27	22
33	49	39
94	10	18
50	66	29
55	83	88
45	76	11
100	75	70
34	50	4
30	8	10
78	42	79
28	42	79
91	38	67
6	35	34
13	31	11
15	5	11
86	41	81
19	93	82
8	4	72
8	50	95
93	16	36
16	88	46
61	78	49
78	88	45
45	76	47
35	26	83
22	19	90
85	25	82
40	80	46
93	54	86
55	17	9
9	46	30
55	48	15
8	60	13
84	51	45
87	86	80
7	20	9
17	20	96
45	31	27
96	21	50
39	35	3
22	34	76
27	85	10
46	57	96
32	100	45
64	33	32
46	96	91
88	82	47
36	21	82
96	78	72
16	56	63
29	47	100
43	61	31
51	78	50
13	94	65
87	36	100
98	69	43
23	19	49
18	40	18
76	11	78
69	69	4
94	33	99
52	35	29
31	73	38
20	85	95
82	65	65
34	30	7
5	35	52
7	76	24
55	18	53
44	49	3
87	19	9
66	33	74
8	61	88
70	13	20
21	18	37
96	68	90
48	99	67
25	70	48
83	33	54
45	73	99
2	84	43
19	57	23
66	86	24
40	66	37
20	13	61
45	43	77
42	76	56
100	94	45
39	96	39
22	39	29
26	38	62
81	96	45
9	47	100
69	33	98
10	27	84
35	40	83
23	28	32
95	24	86
52	14	95
77	58	76
60	26	2
56	3	7
46	41	76
9	83	11
95	53	44
7	69	83
46	63	90
24	87	92
36	19	10
23	99	99
94	76	79
11	42	1
20	74	33
77	29	12
80	43	67
94	57	87
37	33	79
93	89	26
86	56	38
15	27	25
92	69	62
25	15	58
81	76	18
69	33	99
68	97	16
3	8	48
23	38	84
66	77	1
72	64	43
24	71	17
58	69	50
96	78	66
52	68	44
65	79	59
15	90	51
8	90	6
33	10	52
74	64	5
79	2	88
45	12	5
60	92	40
24	39	10
72	53	77
88	88	42
36	87	11
100	98	59
89	35	45
85	19	96
53	16	41
8	34	86
19	39	57
42	2	21
64	40	28
90	12	100
37	46	5
47	5	70
62	60	27
4	18	57
76	33	52
26	24	90
62	83	74
92	13	40
36	27	58
70	71	84
95	1	55
14	24	82
7	93	97
60	29	79
96	77	75
71	42	16
17	25	78
22	23	72
25	73	17
18	24	96
66	64	4
36	89	62
91	94	65
74	28	61
31	95	48
71	100	41
85	94	2
99	42	65
56	11	54
67	52	35
31	92	94
22	28	52
75	60	56
10	71	74
34	67	76
66	45	96
21	23	13
50	97	16
90	40	80
57	15	8
58	24	73
22	50	48
81	61	25
55	10	46
7	3	57
49	25	5
8	6	49
30	100	69
97	44	100
59	75	25
58	47	4
1	96	67
100	32	29
23	55	30
13	94	50
27	87	76
11	36	22
43	33	76
47	38	18
26	93	58
25	92	22
61	55	11
9	53	2
66	44	47
16	92	74
87	23	34
27	40	70
25	84	77
55	71	33
78	12	61
67	37	80
6	48	62
65	63	63
28	5	30
72	30	90
7	91	57
81	65	29
11	79	71
14	56	82
70	20	36
83	27	24
43	43	79
14	77	63
41	80	83
15	18	48
81	77	55
31	69	69
83	94	48
75	32	72
66	49	47
100	99	4
95	31	51
84	79	50
60	23	86
41	46	27
88	17	87
39	17	83
6	39	30
3	24	80
2	67	77
63	96	80
77	52	89
7	5	45
78	53	62
86	60	22
3	91	28
59	97	53
96	27	71
76	39	68
61	64	5
44	60	81
16	49	88
53	94	85
53	62	90
53	50	42
21	39	25
7	5	83
96	63	75
22	17	65
45	97	2
10	35	53
87	44	62
5	2	65
15	48	75
14	29	85
99	85	57
42	23	19
36	62	43
77	58	3
92	73	10
91	42	62
28	34	30
76	43	46
86	78	81
9	27	15
48	34	22
99	98	24
74	63	71
2	26	65
50	9	95
97	2	85
8	83	77
87	49	65
92	13	54
40	21	81
86	3	24
82	20	8
81	78	63
52	46	34
37	32	77
1	22	45
98	72	9
28	75	54
3	10	100
60	37	46
26	52	42
32	70	5
46	26	80
79	29	68
60	32	14
87	80	66
61	63	35
86	50	12
83	25	13
38	37	71
74	13	79
13	60	71
44	8	52
91	80	70
74	16	37
19	33	70
71	69	17
47	40	81
43	24	16
29	9	89
68	58	98
98	4	63
34	50	93
18	53	95
39	85	77
80	45	12
80	85	79
35	66	77
86	46	31
21	98	29
71	10	70
31	70	19
59	62	4
67	22	80
5	45	7
47	85	18
14	35	57
2	57	34
64	14	53
57	93	22
70	32	18
52	92	39
23	80	98
96	25	80
87	7	84
54	66	14
5	30	32
34	15	98
24	43	39
87	6	75
93	67	88
20	23	23
59	62	15
57	13	39
50	54	42
56	61	76
86	12	87
97	71	71
37	8	31
10	96	87
100	93	100
46	25	69
88	81	21
29	57	28
74	88	52
57	45	23
41	58	42
95	34	55
42	62	93
8	53	57
28	59	70
40	79	71
70	71	16
55	9	3
72	90	1
60	66	73
39	19	57
66	36	56
51	32	61
64	24	6
50	45	14
98	11	76
36	11	8
16	16	12
42	72	22
16	51	33
29	72	20
66	33	56
23	40	81
13	5	21
91	49	86
12	76	81
2	49	86
96	10	94
95	85	25
41	62	44
41	38	90
34	8	1
3	28	71
32	9	72
70	67	72
37	12	25
58	12	35
49	99	30
